Multiple size <= 100
TEST 1 ARG:51 21 27 19 75 26 52 79 97 95 3 28 73 8 67 31 46 77 4 88 83 36 87 60 29 30 86 72 78 10 66 35 20 98 9 74 47 14 70 1 94 6 17 23 39 53 90 32 85 84 2 58 68 49 15 57 59 45 5 92 44 82 62 11 54 80 13 55 22 25 41 81 24 69 89 12 63 71 33 93 64 99 42 96 50 38 48 7 37 65 61 18 34 76 40 0 91 16 56 43
TEST 2 ARG:85 74 83 16 7 18 48 4 38 89 33 54 46 92 82 36 3 64 13 15 37 90 21 1 68 29 86 95 77 70 23 76 43 71 81 41 9 45 42 30 84 14 10 28 97 53 93 44 55 24 63 27 31 17 51 19 87 61 69 79 66 62 8 40 34 0 67 39 20 5 35 91 58 52 6 80 25 94 96 72 50 98 88 11 32 26 56 60 99 65 78 49 75 47 57 59 73 12 2 22
TEST 3 ARG:34 21 53 85 35 48 83 2 54 9 23 33 42 36 3 71 16 12 55 98 90 57 79 50 81 29 26 5 56 39 41 11 14 30 43 18 60 24 1 94 17 6 4 75 69 51 86 99 32 77 8 52 10 91 61 47 31 62 40 15 74 72 95 66 65 84 49 88 82 25 22 20 38 46 0 37 67 76 89 73 64 80 93 68 97 92 27 58 96 59 78 7 87 28 19 70 13 63 45 44
TEST 4 ARG:40 52 73 45 88 8 83 74 89 56 94 67 97 59 7 58 81 6 86 34 62 11 77 55 39 60 46 26 0 51 17 49 22 66 84 61 76 47 16 44 13 43 99 25 18 33 14 32 30 1 23 9 15 90 36 54 92 48 12 96 70 31 20 91 85 2 95 87 38 79 21 3 63 57 5 42 28 64 37 69 68 4 53 65 10 50 80 93 82 35 27 71 78 98 19 75 29 41 72 24
TEST 5 ARG:46 54 39 49 10 81 9 1 32 45 27 53 3 41 7 79 5 70 22 95 48 88 89 13 15 94 37 26 47 67 14 30 84 16 85 68 50 65 25 90 92 60 43 74 82 61 96 21 91 75 78 80 55 59 83 34 69 98 44 31 52 29 64 33 66 0 58 40 87 6 12 86 23 2 28 71 93 17 35 97 77 18 73 4 76 51 20 57 62 63 8 11 36 99 24 42 72 38 19 56
TEST 6 ARG:95 67 21 74 56 33 34 18 63 27 78 69 90 14 70 71 62 64 94 50 53 75 86 55 4 0 1 22 29 13 9 97 81 93 42 17 52 23 87 99 57 32 10 15 72 28 12 31 66 96 16 2 89 80 19 41 84 47 98 24 54 76 37 59 49 7 61 60 35 91 82 46 65 25 73 5 40 88 36 58 85 11 20 45 26 92 8 51 77 79 44 39 48 30 68 3 38 83 6 43
TEST 7 ARG:50 37 61 30 16 43 33 40 28 63 95 9 82 53 52 73 26 99 4 67 64 14 32 12 27 58 88 3 83 44 38 34 69 75 22 55 59 31 21 91 49 19 47 17 80 7 65 98 78 51 81 35 11 77 36 45 66 24 70 60 94 25 92 29 48 72 8 96 54 39 74 2 0 6 97 15 42 20 84 71 93 57 18 87 46 79 23 1 62 56 68 76 85 90 89 41 5 10 13 86
TEST 8 ARG:63 58 26 41 71 57 56 15 20 61 73 76 13 25 86 34 36 38 44 39 10 35 66 88 18 80 33 92 91 6 79 59 99 14 48 85 74 1 8 29 30 94 98 60 17 53 23 93 27 64 51 72 52 68 87 67 43 11 28 78 3 47 2 0 54 22 97 40 9 84 55 31 19 65 4 82 81 37 46 62 70 21 42 24 96 16 77 49 50 83 89 7 45 12 69 32 95 5 90 75
TEST 9 ARG:72 60 67 49 45 70 66 10 58 77 27 39 41 87 99 25 54 90 36 75 16 91 15 31 95 52 4 5 24 97 30 42 53 82 38 59 43 55 2 81 57 85 78 0 48 40 69 35 26 20 64 84 7 51 12 8 63 89 65 76 3 92 23 11 68 29 18 94 19 21 22 50 9 83 44 73 32 34 98 56 17 13 37 93 14 86 96 71 28 33 1 61 6 88 46 79 74 62 80 47
TEST 10 ARG:31 53 93 81 18 92 70 17 45 98 28 88 42 57 64 80 6 40 72 39 78 27 48 84 71 87 43 94 37 58 15 20 2 21 67 50 91 35 77 68 26 34 16 75 89 9 69 79 36 12 74 23 76 82 24 1 22 19 85 60 11 52 86 32 51 4 46 33 83 7 56 25 44 10 13 0 47 14 59 38 95 8 61 96 54 65 5 99 55 49 97 63 66 73 29 62 41 3 30 90
TEST 11 ARG:51 34 11 64 77 20 38 39 24 45 78 55 84 48 19 21 71 10 42 86 94 36 93 76 68 26 46 99 29 5 44 49 17 91 89 73 28 41 97 81 61 8 75 54 98 52 62 82 69 92 6 85 3 83 25 23 58 88 1 7 37 43 65 22 70 30 47 16 32 80 56 13 72 63 12 60 2 67 95 87 31 18 57 33 66 96 14 50 27 4 35 59 9 0 15 90 40 79 53 74
TEST 12 ARG:33 6 94 58 40 66 19 81 37 88 9 14 70 51 31 47 57 7 52 53 5 98 35 29 30 26 61 93 42 84 64 89 82 72 79 21 50 39 87 4 60 32 38 1 0 22 46 67 16 73 91 96 97 80 12 55 28 2 13 76 15 74 83 24 34 25 77 65 45 62 44 17 90 78 75 48 85 43 59 49 63 10 41 18 69 99 23 68 92 8 95 54 56 27 71 20 36 11 86 3
TEST 13 ARG:78 94 97 50 98 36 89 8 1 13 72 2 28 6 40 12 60 0 11 42 23 61 56 49 3 79 84 18 48 90 10 70 85 81 45 41 21 24 76 96 66 82 73 69 17 9 44 58 59 25 57 39 33 99 26 19 74 38 16 32 52 88 53 29 71 68 35 91 20 14 27 4 77 93 31 75 65 62 80 92 37 83 64 86 5 54 43 63 7 47 34 67 46 87 51 15 95 30 55 22
TEST 14 ARG:28 13 32 96 71 2 35 14 23 79 34 11 51 91 75 62 55 80 8 65 72 53 27 59 26 0 81 25 76 3 41 87 16 73 42 38 20 60 82 64 56 22 39 29 88 5 69 31 86 63 66 70 33 95 97 77 4 93 48 36 12 99 10 85 19 52 57 90 49 89 18 30 61 6 15 21 37 7 84 1 58 50 68 40 43 24 17 67 78 47 45 54 92 94 98 44 46 74 83 9
TEST 15 ARG:30 51 92 82 73 96 38 32 61 62 84 45 26 80 47 48 31 35 98 27 90 93 53 2 25 56 71 46 59 22 34 3 57 5 18 89 67 78 55 63 86 8 81 21 88 66 24 41 33 60 94 17 83 4 14 76 77 79 23 9 91 58 75 99 50 36 16 70 1 68 87 15 19 43 13 37 54 6 0 64 28 52 7 42 85 95 39 40 97 12 11 44 74 49 69 29 10 72 65 20
TEST 16 ARG:2 18 24 79 34 71 60 40 64 1 4 80 22 52 48 95 81 63 54 91 28 67 65 39 0 11 8 82 30 75 90 27 25 68 59 49 16 6 9 32 38 20 42 35 44 73 53 58 85 93 78 50 72 17 61 55 14 31 89 77 19 47 33 15 37 57 10 86 13 83 70 5 88 99 46 43 94 69 74 98 87 96 23 21 41 76 12 45 66 29 3 26 51 92 36 62 7 84 56 97
TEST 17 ARG:46 64 89 52 36 63 82 60 90 34 55 19 37 95 69 59 88 17 92 33 71 74 73 68 87 18 72 13 2 62 66 49 42 41 47 91 77 9 28 80 35 78 6 56 14 12 11 75 0 27 98 85 4 8 99 30 50 79 16 24 57 96 83 58 38 7 3 40 76 48 20 10 21 32 93 51 31 54 94 67 29 15 45 70 22 5 81 44 43 86 23 84 1 97 53 39 26 25 65 61
TEST 18 ARG:84 69 26 68 48 78 31 60 13 43 77 7 12 89 21 36 15 55 53 3 1 51 34 96 52 81 92 76 91 90 65 86 38 62 47 46 16 18 66 97 83 80 40 8 73 28 27 98 39 85 54 2 49 9 30 93 10 24 70 61 79 33 67 25 74 11 4 42 72 82 45 5 94 37 23 59 75 99 32 41 88 63 50 20 22 64 71 19 95 14 56 58 35 6 57 17 87 44 0 29
TEST 19 ARG:3 93 67 36 78 2 62 57 42 48 50 92 14 30 16 29 43 74 1 41 89 56 39 85 88 60 82 52 55 63 53 21 15 45 84 4 86 75 97 34 87 95 18 7 91 10 73 96 64 31 90 98 8 33 12 65 23 54 44 68 81 13 9 61 11 40 20 27 49 69 17 58 66 28 76 51 19 22 59 46 71 25 83 32 47 77 72 70 35 5 79 99 26 24 6 0 38 80 94 37
TEST 20 ARG:48 94 88 32 0 3 39 40 81 93 91 67 12 96 84 62 97 51 43 70 26 35 31 74 13 10 21 64 34 95 44 47 85 15 5 58 22 98 72 78 46 90 59 79 61 20 29 37 99 53 80 4 1 17 75 38 8 65 55 16 50 52 18 27 19 25 76 24 41 87 83 63 14 42 45 49 36 77 54 86 2 9 7 11 66 56 30 60 23 6 82 57 89 73 28 33 71 92 68 69
TEST 21 ARG:50 34 42 79 68 88 66 26 87 43 64 39 78 97 1 19 15 28 38 44 40 48 89 59 24 30 7 14 49 41 35 93 75 74 83 98 12 94 77 37 70 20 62 82 31 21 8 2 27 33 11 55 56 5 73 36 86 23 46 18 52 76 3 95 32 29 99 17 90 67 91 80 13 9 10 85 69 4 0 51 72 81 58 54 60 6 57 47 61 22 25 65 53 16 96 63 45 71 84 92
TEST 22 ARG:23 1 14 0 77 93 40 72 74 43 95 64 98 13 51 94 48 88 97 42 84 4 99 8 56 35 53 52 61 19 10 22 39 11 60 46 73 69 70 85 91 28 2 71 76 15 34 83 54 38 29 33 37 32 75 57 12 58 96 67 87 92 18 65 89 31 27 81 55 44 36 25 3 41 90 45 79 80 63 86 62 78 59 16 9 47 30 68 5 49 50 7 82 21 24 17 66 6 26 20
TEST 23 ARG:43 41 47 42 70 8 11 57 22 67 85 37 55 16 62 4 40 87 80 69 56 35 51 10 75 2 33 59 93 18 5 28 78 26 19 68 89 91 95 63 77 90 9 38 71 94 34 73 84 44 20 98 82 83 14 45 21 1 12 6 64 17 15 96 76 66 23 52 36 54 49 30 60 13 25 65 99 92 0 48 97 24 31 74 39 58 29 53 72 61 50 7 86 81 79 3 32 46 88 27
TEST 24 ARG:10 85 98 68 91 4 97 62 39 0 7 58 93 89 41 83 66 42 17 88 11 74 71 13 38 14 29 26 49 57 44 47 33 86 63 28 21 78 18 53 3 76 6 9 34 81 56 46 80 84 64 75 61 25 36 2 67 31 95 45 5 73 54 70 51 27 37 48 92 87 19 94 43 82 24 59 32 60 12 52 55 8 77 79 23 30 99 15 72 20 90 69 22 40 96 16 50 35 65 1
TEST 25 ARG:73 69 43 4 41 2 0 97 1 93 33 34 48 10 99 21 22 35 67 16 79 89 47 57 23 37 71 74 96 12 32 61 62 38 20 70 50 60 82 3 86 54 28 94 98 5 85 75 78 46 27 53 15 40 72 36 19 42 26 6 39 91 45 55 17 29 30 51 14 65 52 18 77 63 81 88 9 68 80 59 25 66 56 49 31 64 84 24 11 83 58 7 90 87 44 13 76 95 92 8
TEST 26 ARG:73 4 6 15 14 58 26 41 25 96 44 42 90 84 20 54 51 93 3 72 68 86 62 70 40 7 99 63 37 60 35 22 5 77 1 82 55 95 8 12 16 19 61 18 11 98 49 83 74 0 2 36 46 50 76 94 89 31 75 59 27 29 24 34 10 92 48 43 79 65 81 66 17 30 52 21 69 47 57 67 85 33 13 71 28 78 87 45 9 91 23 64 80 39 32 38 53 56 97 88
TEST 27 ARG:78 11 46 57 98 86 44 87 84 23 80 20 30 64 12 63 70 85 90 58 55 2 43 62 36 17 16 37 10 95 75 92 73 81 68 65 41 9 0 40 83 39 69 34 53 27 76 59 35 77 31 99 91 4 14 24 8 96 29 54 49 79 32 6 47 66 38 21 18 60 82 25 42 74 67 7 94 51 13 89 26 72 48 22 71 61 52 45 3 56 50 88 5 28 93 97 15 1 33 19
TEST 28 ARG:5 11 40 10 43 3 92 25 90 96 77 80 76 38 86 87 84 70 52 61 81 42 69 29 97 24 41 33 16 55 67 94 39 6 54 60 73 64 56 22 31 95 75 27 89 78 17 18 14 65 93 15 71 44 32 19 53 28 8 62 49 23 35 12 74 99 20 26 1 68 34 66 79 4 57 7 21 85 30 51 58 59 45 88 36 2 47 48 46 83 13 72 0 9 82 91 50 98 37 63
TEST 29 ARG:27 32 65 2 4 84 23 71 10 41 55 64 88 3 19 85 9 50 8 16 15 54 44 52 31 48 39 43 34 75 74 58 6 53 24 67 12 62 98 30 69 45 18 29 89 47 42 40 14 11 78 26 66 83 61 20 37 49 82 72 68 46 25 81 96 28 1 87 35 92 76 79 63 91 80 21 94 33 57 36 51 70 38 97 59 7 73 17 22 99 5 56 77 90 60 86 13 93 95 0
TEST 30 ARG:47 29 13 1 24 97 91 57 0 20 45 35 67 94 95 36 61 23 16 51 58 70 52 8 74 34 60 37 69 5 12 79 75 39 9 40 27 50 17 33 71 53 21 87 93 32 85 80 15 84 90 81 63 46 54 10 82 72 77 59 98 56 68 3 89 43 41 7 11 78 65 83 25 18 86 49 55 28 2 64 26 30 44 22 96 66 48 38 76 92 99 42 31 88 73 14 6 4 62 19
TEST 31 ARG:21 22 42 17 58 16 32 83 62 61 15 63 52 82 39 27 99 4 34 23 38 66 67 92 79 95 55 53 68 78 85 90 77 75 76 36 81 43 30 26 46 5 12 7 57 65 93 19 8 6 20 94 96 72 59 40 24 2 25 33 56 89 29 51 0 64 41 48 69 86 54 31 60 35 80 73 37 91 14 98 45 44 18 84 71 28 11 49 47 10 9 87 1 88 3 50 13 74 70 97
TEST 32 ARG:99 9 33 17 46 96 71 10 21 47 43 3 91 61 16 6 67 48 0 85 25 57 74 59 26 80 22 58 89 45 86 5 34 75 15 19 12 94 97 52 82 87 69 28 60 20 98 13 36 31 32 7 83 40 27 66 79 95 42 62 50 88 92 29 84 24 51 4 35 8 90 64 76 41 1 37 72 55 65 18 14 56 77 93 11 23 54 38 44 39 68 49 78 70 73 30 2 53 81 63
TEST 33 ARG:78 29 69 9 72 56 61 11 70 75 94 98 71 89 76 82 81 79 39 25 59 95 60 86 28 1 12 84 10 74 65 18 26 67 0 50 6 31 14 30 62 34 43 17 33 96 20 91 90 85 13 35 4 48 99 57 21 2 44 45 23 58 46 77 53 32 87 63 27 83 42 24 88 7 3 64 52 16 80 22 73 51 49 66 5 36 41 55 92 68 54 37 8 15 93 19 47 40 38 97
TEST 34 ARG:98 31 96 89 73 11 3 18 10 12 28 7 14 39 37 35 49 68 64 9 65 59 79 24 82 99 66 26 80 2 62 43 75 20 78 76 50 17 42 58 72 52 53 48 70 5 93 36 83 32 97 41 55 57 92 60 87 30 63 91 56 95 38 25 1 40 22 47 27 77 15 0 13 71 61 74 67 33 88 84 90 94 4 29 45 51 81 21 54 86 69 85 8 23 46 6 34 16 19 44
TEST 35 ARG:46 72 65 86 44 63 94 35 91 3 22 36 45 41 30 26 7 34 9 55 98 79 32 84 18 81 27 2 99 69 77 78 90 83 14 61 60 56 85 31 6 38 96 40 57 67 64 54 39 49 75 80 87 97 73 82 37 66 76 19 23 1 0 16 92 42 17 25 29 70 5 71 43 89 20 48 24 52 10 51 53 11 47 4 15 21 93 13 50 68 95 59 58 74 33 28 62 8 88 12
TEST 36 ARG:51 8 82 84 64 17 79 69 45 6 97 60 80 62 53 89 95 44 70 25 96 93 2 16 9 47 10 15 36 83 30 24 5 52 98 13 88 77 78 7 94 0 81 11 49 38 4 19 54 92 33 35 21 29 37 40 56 12 43 61 76 55 71 50 28 48 26 23 39 59 57 73 99 68 86 65 41 18 34 87 75 46 3 14 27 1 66 85 42 31 32 20 67 22 91 72 58 90 63 74
TEST 37 ARG:45 53 85 81 3 55 60 1 61 73 78 12 57 75 28 41 32 86 33 52 70 46 67 44 48 77 38 6 9 69 90 49 98 91 40 31 94 17 58 66 64 8 88 5 24 13 80 23 62 54 37 50 76 92 79 34 82 87 16 18 29 97 30 35 22 93 83 26 65 59 25 56 71 11 51 42 36 99 14 15 20 0 4 39 95 89 74 72 21 43 2 47 7 10 84 96 68 27 19 63
TEST 38 ARG:2 91 35 87 77 47 7 64 78 8 86 61 96 51 68 57 0 48 72 23 62 79 76 28 93 27 32 75 33 50 16 37 41 97 90 99 53 71 65 73 34 54 89 21 88 5 95 31 80 19 25 59 85 39 24 46 14 30 45 83 13 70 69 63 66 74 52 81 60 6 11 12 3 44 26 40 55 67 42 18 20 98 43 36 9 58 17 38 82 15 94 1 49 10 22 4 92 56 29 84
TEST 39 ARG:47 73 24 8 51 31 58 2 75 6 28 81 52 72 68 29 88 96 32 86 63 21 61 87 44 97 41 67 27 30 59 84 38 71 78 53 94 26 19 82 10 98 12 34 23 39 3 37 91 14 20 7 42 22 15 89 54 4 85 90 60 56 69 33 65 48 49 93 17 0 9 55 66 77 62 16 43 11 83 25 36 13 35 46 18 76 1 5 40 80 70 57 95 74 99 92 45 64 50 79
TEST 40 ARG:89 13 31 34 84 55 82 17 41 48 81 32 35 67 16 83 61 20 59 57 93 2 15 97 92 1 79 25 3 5 88 47 70 22 66 30 0 80 14 33 77 60 69 9 49 87 46 27 78 18 64 53 51 44 68 52 19 8 95 56 74 98 63 90 58 72 99 65 39 45 24 62 36 43 75 38 10 96 23 26 85 21 94 28 50 11 40 6 91 71 73 76 12 29 7 37 42 86 54 4
TEST 41 ARG:34 78 84 13 17 52 14 68 54 27 89 40 29 82 51 87 25 94 75 93 33 79 57 72 32 64 61 10 98 58 19 59 53 6 63 39 15 12 35 41 47 67 31 91 46 9 2 97 70 26 62 81 92 3 0 22 44 90 42 85 37 28 74 77 1 65 16 96 66 76 20 30 38 69 21 88 5 43 49 71 56 36 8 60 11 86 4 95 18 45 73 80 48 99 7 83 55 24 23 50
TEST 42 ARG:94 95 27 53 91 49 39 11 85 80 54 97 79 26 6 61 81 7 12 42 41 87 33 78 25 31 23 52 63 35 73 96 82 59 66 51 28 29 5 22 19 1 70 90 60 16 48 45 67 44 89 58 55 99 64 15 13 86 68 8 76 10 84 36 34 2 9 20 43 50 69 37 98 57 77 14 93 4 21 83 72 17 40 24 74 3 62 46 71 30 47 32 65 0 75 56 92 88 38 18
TEST 43 ARG:38 96 24 22 62 3 11 29 97 80 71 55 81 28 8 13 48 7 40 91 6 65 93 32 20 15 23 46 59 21 57 98 16 74 9 36 86 1 99 90 10 60 78 33 18 79 67 63 2 37 51 44 39 89 64 50 42 43 73 94 19 26 58 30 92 75 56 52 85 14 45 54 17 61 76 0 66 53 34 83 77 12 69 95 88 82 70 25 84 47 5 41 27 49 68 4 87 31 72 35
TEST 44 ARG:53 18 73 8 99 93 45 51 21 37 38 40 11 7 46 9 47 64 3 33 10 15 60 6 88 75 49 12 31 82 28 32 80 34 22 69 78 52 56 66 41 59 68 24 0 23 55 27 87 92 83 95 50 90 25 63 4 48 58 2 94 13 30 61 16 44 57 42 72 35 14 77 54 62 65 71 17 20 70 98 96 81 79 67 74 43 39 89 1 5 86 76 19 36 26 91 84 97 85 29
TEST 45 ARG:90 34 46 13 73 24 33 14 99 2 66 7 95 54 86 39 26 28 0 80 6 50 16 8 51 21 29 88 72 65 75 44 60 40 64 58 27 57 85 62 98 94 91 15 1 48 93 32 38 53 31 41 81 82 77 59 63 10 78 56 9 61 30 43 70 4 47 83 42 5 52 22 20 92 69 25 96 45 36 87 89 79 12 76 37 19 11 67 68 97 18 3 49 84 71 23 55 17 74 35
TEST 46 ARG:1 87 57 25 90 98 3 49 70 8 68 63 10 28 81 61 92 48 41 69 36 27 77 71 50 29 75 66 93 22 62 74 64 80 19 96 88 26 91 37 33 2 21 11 0 83 47 44 67 5 54 84 59 58 79 32 95 72 52 86 76 9 18 13 73 65 7 38 85 99 12 55 42 30 4 46 89 34 16 24 43 35 45 53 17 6 23 20 60 31 51 94 14 78 39 15 82 40 56 97
TEST 47 ARG:34 77 96 31 50 7 57 56 61 51 52 71 38 76 86 99 25 73 78 84 68 59 83 16 91 47 32 81 6 53 74 20 36 67 10 44 87 72 79 27 26 12 35 55 42 22 1 28 69 70 19 39 94 24 0 92 11 40 30 54 29 66 4 15 48 93 80 82 75 14 90 33 85 49 97 23 63 46 89 88 9 60 21 98 95 5 18 3 65 58 13 43 2 64 62 8 45 37 41 17
TEST 48 ARG:26 63 54 8 85 29 33 18 77 98 50 57 68 20 62 13 37 27 43 17 42 2 64 59 78 3 67 96 44 86 69 10 19 61 83 94 97 7 48 6 11 56 65 15 88 84 0 58 5 9 80 55 79 46 66 82 30 89 25 4 91 23 60 47 74 35 95 41 52 40 34 24 93 72 90 22 87 32 92 81 38 73 28 51 45 99 12 70 75 53 36 76 71 16 21 49 1 14 31 39
TEST 49 ARG:40 61 78 73 72 31 3 83 47 1 54 99 9 80 81 10 62 58 35 33 82 94 34 41 46 29 16 0 5 71 13 68 24 79 77 44 76 12 14 22 75 19 51 67 25 64 69 55 42 2 74 17 8 85 11 93 57 30 50 32 63 18 7 88 95 21 65 56 38 87 45 59 4 39 60 43 66 86 53 6 27 23 97 70 98 37 92 89 15 52 48 26 84 90 28 96 20 49 36 91
TEST 50 ARG:89 27 92 74 23 1 21 95 2 42 55 77 12 39 97 76 84 47 64 96 51 17 80 4 88 10 22 50 20 68 98 48 30 29 81 82 6 49 3 79 91 57 67 26 93 45 7 43 44 71 9 32 15 18 70 8 99 61 19 86 33 69 52 73 24 62 85 13 16 75 38 35 63 5 40 83 14 72 36 0 87 46 37 65 78 25 56 53 41 60 59 66 31 11 28 54 58 90 94 34
TEST 51 ARG:60 15 87 61 6 19 89 30 79 75 33 54 29 44 14 66 80 46 95 94 1 48 82 74 57 8 31 71 40 23 36 27 81 65 32 99 37 68 9 20 76 98 84 18 78 88 51 24 53 38 91 50 96 70 52 69 47 25 13 67 86 12 56 63 49 72 5 83 17 41 64 43 62 3 22 42 10 45 90 59 55 26 21 7 97 16 2 4 39 11 35 58 28 92 73 77 34 0 93 85
TEST 52 ARG:91 57 78 48 99 37 17 7 31 61 41 5 4 73 90 19 52 51 79 62 54 59 36 98 12 71 3 63 88 30 34 35 65 47 81 15 89 25 28 75 32 92 6 44 18 60 96 27 42 1 33 64 53 29 95 23 11 66 50 58 56 76 77 85 26 72 70 0 9 67 55 82 22 13 97 74 20 80 87 68 39 10 21 40 8 16 14 46 84 83 24 93 38 2 94 45 49 86 69 43
TEST 53 ARG:96 87 51 67 92 14 63 65 55 54 42 94 23 5 20 21 25 12 35 84 28 50 6 70 58 24 82 37 64 88 45 26 27 60 8 52 90 95 34 22 80 41 93 39 38 59 3 30 83 99 17 97 36 46 31 86 9 76 10 69 71 16 78 79 47 44 15 19 68 1 33 7 32 66 75 73 91 85 89 61 2 77 81 11 43 62 29 13 74 0 72 56 40 49 48 18 4 57 53 98
TEST 54 ARG:62 51 49 90 59 17 11 20 37 54 48 57 9 41 43 8 84 83 76 66 2 70 87 91 18 75 94 77 79 80 12 16 72 97 73 34 44 27 38 5 26 13 35 36 40 45 23 89 92 19 86 93 85 22 46 4 74 82 61 15 58 67 24 56 64 68 14 29 99 42 50 53 3 63 60 21 7 69 6 0 33 31 52 39 32 1 55 88 71 30 65 10 81 78 95 98 28 47 96 25
TEST 55 ARG:31 49 28 45 15 0 26 73 41 85 79 83 36 92 80 55 78 25 17 60 84 29 33 86 54 76 38 2 19 57 32 87 71 24 70 20 51 22 53 65 48 42 35 64 7 34 30 18 98 10 67 94 61 3 8 89 72 96 37 4 27 1 13 47 82 11 90 43 5 62 14 23 50 9 99 16 88 69 81 59 75 39 74 6 77 46 95 63 12 40 52 56 44 58 97 66 93 21 91 68
TEST 56 ARG:17 51 61 93 86 79 54 8 64 5 69 31 91 66 26 13 76 19 29 23 75 9 43 3 33 63 4 28 27 95 58 77 60 52 16 83 47 57 70 56 68 44 67 11 48 34 6 35 7 40 41 53 21 25 85 36 12 20 18 22 32 72 15 89 37 2 45 80 94 42 46 73 1 38 14 10 49 24 90 39 88 65 30 71 99 84 81 96 92 78 50 59 62 98 82 74 97 87 55 0
TEST 57 ARG:4 89 59 54 86 85 2 21 35 63 7 40 49 13 23 46 33 62 37 36 19 81 47 38 82 42 31 90 22 83 0 3 98 67 74 41 55 18 14 26 69 1 95 72 70 10 32 15 8 12 78 48 24 5 68 93 6 52 61 44 97 99 34 75 11 91 88 56 57 76 71 80 50 65 94 51 60 87 30 39 9 58 73 77 64 28 92 66 84 79 20 43 29 25 17 53 16 96 27 45
TEST 58 ARG:94 28 99 52 71 98 34 42 0 75 15 76 7 26 54 89 80 31 39 33 65 82 21 1 43 18 63 61 90 11 20 50 6 97 32 77 5 22 91 47 17 83 37 68 12 41 49 70 45 57 81 2 51 10 24 79 88 87 48 56 14 95 46 58 66 84 38 16 9 53 67 4 19 27 73 78 85 36 64 59 29 62 72 25 40 23 13 96 30 93 92 60 74 8 69 44 35 3 86 55
TEST 59 ARG:45 49 67 11 43 25 19 30 83 3 60 51 1 31 70 40 38 63 14 34 72 96 54 8 28 50 10 46 21 20 81 65 48 29 18 41 13 57 0 78 73 74 7 71 47 17 42 68 5 93 84 53 23 69 91 99 89 77 85 75 82 79 6 90 9 26 95 76 2 80 33 86 37 36 22 94 12 4 87 59 35 24 52 55 61 62 66 98 97 58 44 16 56 88 64 15 27 92 32 39
TEST 60 ARG:1 48 46 78 7 39 54 25 93 24 34 87 91 55 61 12 33 17 82 30 60 89 6 38 52 29 20 35 92 47 41 3 95 43 14 59 73 8 76 68 62 75 32 19 11 45 84 36 16 63 0 49 22 18 13 98 69 23 86 15 21 85 42 56 70 57 94 65 50 96 64 67 40 10 77 88 83 66 27 99 31 28 4 9 79 90 97 5 44 53 80 37 81 2 51 74 26 58 71 72
TEST 61 ARG:51 29 48 65 84 55 59 32 44 45 46 88 47 31 6 76 14 69 79 78 66 90 40 57 58 52 83 77 35 93 81 61 10 56 26 92 13 19 49 36 96 95 71 82 1 4 34 64 15 42 73 50 99 5 7 87 41 67 20 22 74 12 72 3 86 18 70 62 94 21 97 25 98 23 80 89 30 63 60 2 75 24 8 33 0 27 17 39 53 28 85 9 38 11 91 54 68 16 43 37
TEST 62 ARG:7 9 57 95 45 26 1 8 82 0 69 75 29 88 16 99 97 25 65 10 32 42 71 54 78 39 50 19 48 76 6 17 49 12 40 43 46 5 3 67 98 89 90 21 92 77 4 47 35 2 22 61 20 11 44 33 63 51 80 72 79 96 94 59 56 66 81 34 23 64 68 18 70 27 41 84 62 14 31 86 73 91 85 52 60 58 93 55 53 13 37 74 24 38 30 15 83 28 87 36
TEST 63 ARG:32 49 90 46 78 35 72 64 50 73 37 15 7 80 45 42 83 23 44 14 13 28 81 4 67 36 60 3 52 27 74 2 39 62 61 1 40 38 95 34 92 70 20 21 29 8 93 48 30 99 24 79 68 66 63 43 19 82 69 75 54 56 25 9 11 88 31 94 17 51 26 91 55 57 96 18 76 89 47 0 98 12 97 87 5 59 84 41 85 71 6 58 77 53 86 10 16 65 33 22
TEST 64 ARG:90 29 96 27 81 92 9 21 48 28 80 38 51 82 95 67 97 76 54 10 74 65 17 19 26 1 43 75 18 93 37 88 50 40 45 59 5 14 98 7 86 20 22 78 71 66 63 73 69 84 0 47 70 8 99 77 72 55 49 60 79 87 61 6 13 53 25 23 12 24 56 91 85 32 35 34 33 52 2 58 4 31 44 46 41 68 57 16 15 42 39 36 30 83 64 62 89 11 94 3
TEST 65 ARG:43 73 6 96 85 45 76 24 91 15 3 2 36 22 33 83 44 0 40 74 70 95 55 84 13 27 20 66 28 92 30 9 90 56 79 50 17 31 16 29 4 88 98 94 25 69 89 82 23 80 57 58 77 68 99 41 62 21 1 78 65 38 46 75 48 18 12 71 42 63 35 7 54 86 87 47 67 93 8 52 49 53 72 60 14 11 81 32 39 64 97 19 34 10 5 61 51 26 37 59
TEST 66 ARG:66 5 27 53 54 35 57 78 56 68 90 88 81 21 59 39 15 74 11 32 3 83 16 4 55 20 25 49 9 7 46 67 36 31 93 99 73 38 91 1 63 18 72 75 58 79 85 22 77 69 98 10 70 28 96 62 95 86 30 23 92 24 0 41 17 71 6 76 34 45 29 14 26 40 61 37 33 65 19 87 44 60 43 97 94 52 47 51 64 80 48 42 12 50 13 84 89 8 82 2
TEST 67 ARG:81 6 88 90 87 77 74 86 62 61 57 60 5 33 58 19 9 95 97 4 39 37 24 76 27 53 51 29 52 42 79 21 47 35 64 28 49 3 80 8 14 96 31 0 67 89 68 10 56 38 43 63 59 18 36 73 22 46 91 65 2 98 16 11 72 48 66 30 25 69 75 92 34 23 41 94 45 85 99 84 54 15 82 71 12 26 13 32 55 40 44 93 7 20 17 78 83 70 1 50
TEST 68 ARG:84 66 83 30 58 16 64 18 21 77 36 57 62 42 65 13 96 74 50 15 17 48 59 32 34 25 9 37 46 71 67 61 53 97 11 94 98 10 31 93 12 19 24 1 55 35 4 95 60 22 86 73 43 70 69 39 20 52 51 49 44 47 45 91 0 6 2 76 99 68 28 40 54 3 27 72 82 7 85 92 90 38 81 75 5 87 26 8 41 63 23 29 89 56 80 79 88 14 33 78
TEST 69 ARG:17 5 60 73 93 90 55 63 86 88 35 0 85 53 92 83 37 81 98 40 31 44 14 3 28 77 45 48 84 43 19 65 26 72 97 75 29 70 6 89 80 91 33 42 25 62 74 34 96 47 4 51 57 78 56 27 64 11 21 36 23 24 20 61 10 58 79 54 69 2 87 46 59 1 18 41 38 13 9 71 8 68 32 94 66 49 67 22 95 16 30 82 52 12 99 39 76 50 15 7
TEST 70 ARG:88 11 90 39 58 14 66 15 60 49 92 20 82 36 32 63 40 99 86 25 43 93 8 10 72 17 23 2 47 91 24 87 12 19 62 21 84 80 26 46 67 41 51 1 48 5 42 30 54 18 74 61 69 81 7 34 22 55 59 38 37 16 78 89 85 6 98 33 73 79 44 35 77 53 45 27 56 75 64 97 57 28 52 13 29 31 94 71 3 83 4 70 96 95 68 76 50 0 65 9
TEST 71 ARG:16 50 71 99 73 88 35 80 47 74 94 57 69 19 91 34 29 12 39 79 49 23 72 7 89 46 32 24 83 13 15 51 30 41 8 75 48 10 26 0 82 78 42 22 58 81 54 96 36 70 64 37 43 92 33 63 61 87 98 31 62 3 59 20 52 56 21 97 9 86 1 84 17 90 18 95 44 93 38 53 28 6 55 66 85 67 77 45 25 60 65 27 40 76 2 14 5 11 68 4
TEST 72 ARG:69 67 42 45 13 55 74 85 12 37 73 23 27 29 30 20 87 14 65 64 83 11 50 51 61 70 35 47 77 32 76 94 89 97 78 16 63 52 49 75 79 56 7 43 68 36 57 17 88 1 28 40 53 24 93 6 96 98 80 38 22 48 9 8 25 92 71 2 95 59 66 41 33 21 60 62 5 99 58 72 3 31 44 19 54 0 91 82 15 46 26 18 34 81 84 39 4 86 10 90
TEST 73 ARG:55 99 5 48 75 88 38 83 6 12 60 0 1 91 37 41 92 4 51 68 7 50 39 56 2 53 73 82 35 33 76 70 98 34 10 84 61 81 40 30 74 80 59 47 43 79 64 31 44 71 16 96 90 36 63 87 14 21 72 66 32 58 24 49 54 85 57 67 27 15 65 69 22 46 95 11 93 13 17 89 19 20 18 86 23 78 29 9 25 45 42 77 8 52 94 3 97 62 26 28
TEST 74 ARG:48 98 39 27 16 4 41 50 1 87 5 45 19 69 62 0 60 81 13 93 43 73 79 91 88 33 56 74 57 52 26 3 32 82 23 7 89 21 71 14 96 77 72 80 86 70 25 2 24 29 10 84 76 20 8 68 54 66 12 83 92 34 94 90 49 95 63 47 9 6 15 65 11 64 30 75 42 38 67 55 46 97 99 17 58 51 36 40 85 53 22 28 59 35 37 18 78 31 61 44
TEST 75 ARG:21 71 20 6 42 61 49 95 35 81 29 65 53 67 85 47 18 39 87 68 31 78 55 13 33 73 51 63 10 88 58 86 45 23 44 80 99 48 84 90 89 5 62 0 36 82 91 25 43 77 3 15 54 4 60 76 92 98 59 79 69 94 57 52 11 27 56 7 28 19 26 66 37 22 34 14 70 8 16 83 40 96 64 17 2 93 75 12 9 74 38 72 46 50 30 1 32 97 41 24
TEST 76 ARG:67 52 91 6 12 89 80 31 19 60 72 88 73 63 58 47 24 43 71 29 81 32 48 22 93 20 97 75 83 69 8 13 61 41 66 70 77 79 34 23 46 36 10 57 14 21 90 85 96 62 98 0 50 26 76 4 44 42 45 33 30 18 65 27 84 15 49 28 94 40 7 74 51 2 68 99 54 16 56 1 87 37 25 11 17 95 92 86 39 55 35 38 53 78 5 82 59 9 3 64
